patates_kizartmasi5 

1 
10
100
101
102
..
109
11
110
111
..
119
12
120
121
..
129
13
130
131
..
139
14
140
141
142
..
149
15
150
151
152
..
159
16
160
161
..
169
17
170
171
179
18
180
181
..
189




patates_kizartmasi4
19
190
191
..
199
20
200
221
222
..
229
23
230
231
..
239
24
240
241
242
..
249
25
250
251
..
259
26
260
261
262
..
269
27
270
271
..
279


patates_kizartmasi3 
28
280
281
..
289
29
290
291
..
299
30
300
301
..
309
31
310
311
..
319
32
320
321
..
329
33
330
331
332
..
339
34
340
341
342
..
349
35
350
351
352
..
359
36
360
361
..
369

patates_kizartmasi2
37
370
371
..
379
38
380
381
..
389
39
390
391
392
..
399
4
40
400
401
..
409
41
410
411
412
..
419
42
420
421
422
..
429
43
430
431
432
..
439
44
440
441
442
..
449
45
450
451
..
458
459


patates_kizartmasi1
46
460
461
...
499
5
50
500
51
52
..
59
6
60
61
..
69
7
70
71
72
..
79
8
80
81
82
..
89
9
90
91
92
..
99